dane nieposortowane
piwot na środku

20      9e-06
50      2.3e-05
100     2.6e-05
200     0.000142
500     0.000204
750     0.000313
1000    0.000483
2000    0.000692
5000    0.00258
7500    0.004082
10000   0.001841
20000   0.009234
50000   0.012265
75000   0.022146 
100000  0.026673
200000  0.054681
500000  0.17718
750000  0.329111
1000000 0.52213

piwot na początku 
20      6e-06
50      2.2e-05
100     0.000116
200     0.000107
500     0.00318
750     0.002638
1000    0.010828
2000    0.021538
5000    0.038963
7500    0.19431
10000   0.297789
20000   0.42044
50000   2.95831
75000   6.72872
100000  10.9114
200000  42.421
500000  naruszenie ochrony pamięci 
750000
100000

piwot na końcu
20      7e-06
50      1.5e-05
100     0.000103
500     0.001055    
750     0.001501
1000    0.003726
2000    0.021687
5000    0.061048
7500    0.062055
10000   0.192551
20000   0.542616
50000   7.62762  
75000   13.5535
100000  33.4628 
200000  47.4121
500000  naruszenie ochrony pamięci 

dane posortowane rosnąco
piwot na środku

20      2e-06
50      3.9e-05
100     7.4e-05
200     0.000131
500     0.000461
750     0.006673
1000    0.004897
2000    0.010842
5000    0.035896
7500    0.088675
10000   0.149181
20000   0.565738
50000   3.49249 
75000   7.82167
100000  13.9876
200000  

piwot na początku

20      8e-06
50      3.8e-05
100     7.5e-05
200     0.000161
500     0.001231
750     0.006737
1000    0.004892
2000    0.013796
5000    0.04196
7500    0.088333
10000   0.147114
20000   0.568739
50000   3.493
75000   7.7215
100000  13.9046
200000  

piwot na końcu

20      7e-06
50      1.1e-05
100     2.7e-05
200     0.00012
500     0.000728
1000    0.001961
2000    0.009554
5000    0.02552
7500    0.047896
10000   0.081547
20000   0.284773
50000   1.76854
75000   3.92335
100000  6.96507
200000  27.8126

posortowane malejąco
piwot na środku

20      1.2e-05
50      4e-05
100     0.002208
200     0.000399
500     0.002208
1000    0.008414
2000    0.016254
5000    0.068353
7500    0.145144
10000   0.24218
20000   0.974697
50000   6.05092
75000   14.4219
100000  24.3143
200000  naruszenie ochrony pamięci
500000


piwot na początku

20      7e-06
50      2e-05
100     0.000209
200     0.000596
500     0.002651
750     0.002321
1000    0.005615
2000    0.014201
5000    0.098032
7500    0.203089
10000   0.350771
20000   1.38652
50000   8.64298
75000   21.0856
100000  34.9893
200000  

piwot na końcu

20      8e-06
50      3e-05   
100     0.00021
200     0.00039
500     0.003044
750     0.006923
1000    0.011787
2000    0.014017
5000    0.096311
7500    0.206607
10000   0.349792
20000   1.39434
50000   8.619
75000   19.3449
100000  34.4885  
200000  


