przeszukiwanie stosu
20      1.5e-05
50      1.9e-05
100     1.1e-05
200     8e-06
500     4.2e-05
1000    1.4e-05
2000    4.6e-05
5000    4.8e-05
7500    7.2e-05
10000   0.00019
20000   8.6e-05
50000   0.001029
75000   0.000123
100000  5.6e-05
200000  4.1e-05
500000  4.2e-05
750000  4.9e-95
1000000 3.2e-05

przeszukiwanie listy
20      6e-06
50      1.9e-05
100     1.6e-05
200     1.7e-05
500     1.9e-05
1000    1.1e-05
2000    2.1e-05
5000    7.1e-05
7500    6.8e-05
10000   1.2e-05
20000   9.8-0.5
50000   0.000195
75000   5.5e-05
100000  7.5e-05
200000  2.5e-05
500000  5.4e-05
750000  0.000146
1000000 4.3e-05

przeszukiwanie kolejki
20      9e-06
50      6e-06
100     1.1e-05
200     1.7e-05
500     2.2e-05
1000    2.5e-05
2000    6.1e-05
5000    9e-05
7500    0.000191
10000   0.000104
20000   0.000382
50000   0.001643
75000   0.000837
100000  0.002172
200000  0.001824
500000  0.004926
750000  0.006858
1000000 0.009346
