Plus 1
20	    0,00007
50	    0,00008
200	    0,00043
500	    0,00309
1000	0,00475
2000	0,0246
5000	0,08634
7500	0,18954
10000	0,41271
20000	1,30968
50000	8,41519
100000	37,91928
1000000 3464,09443 - nie uwzględniłem tego pomiaru na wykresie, ponieważ pozostałe pomiary stawały się nieczytelne

Razy 2
20	    0,00004
50	    0,00005
100	    0,00008
200	    0,00011
500	    0,00016
1000	0,00019
2000	0,00014
5000	0,00055
7500	0,00092
10000	0,00096
20000	0,00172
50000	0,00649
100000	0,01273
200000	0,01687
500000	0,02476
750000	0,03966
1000000	0,04041
